-0.244031367666971	0.237392050872716	-0.0275564309431088	0.0734788144444781	0.208803833950227	-0.172847784120938	0.125538572459020	0.0583732248648641	0.174215194208112	0.255549476055120	0.0140800732271503	0.139236420721419	0.109918066422346	0.0552062164047535	-0.256241911509389	0.249279456211387	0.260963476481467	-0.0522183433060323	0.212283438162571	0.222347246440199	0.189160782527153	-0.0729846177585699	-0.215191417421922	-0.198846085856557	-0.0309381010293391	-0.109208189716111	-0.260085338536126	-0.0638136379660483	0.239498716796129	-0.00606931774000662	-0.165209854985163	0.256014132920935
0.00582020718526416	0.0275945019586704	-0.229028973525155	0.159288733744903	0.108100518080757	-0.0368600586253999	-0.0294159215024343	0.273643802523620	-0.204103189645908	0.00593113314367636	-0.442935564764924	-0.0797275687451298	0.107012414244393	-0.310355359880850	-0.0166969939767414	-0.0232718038290692	0.0195435646482057	-0.335941169795134	0.0514220045148592	0.0940119215792657	-0.143473578622231	-0.134943297304333	0.0258134986879300	0.00440295490604788	-0.227791659100980	0.214391589965440	0.113631634714195	0.302646687912555	0.0369789499015750	0.326759549676287	-0.0316381067881265	0.0636520012186063
0.00114430936221890	-0.0615047954978296	0.0835777906073638	0.0308478925077462	-0.182019236042306	-0.357256546077120	0.485467211712981	-0.110882775513018	-0.0729585572154618	-0.185408824966771	-0.0230674009345322	0.279191003570973	0.0119763998183134	-0.105476516291653	0.135428002902431	-0.0118651875999342	-0.113929473753156	-0.0563002700840289	0.122114141146971	-0.0114573321427689	-0.208189209407095	-0.280201897099108	0.00607798753589572	-0.199119385646660	-0.125221659259740	-0.317653355861000	0.0769040813337081	0.141079175702941	-0.0703332269538851	-0.186039680249300	-0.182105814693526	-0.154133578943176
0.189942962715385	0.361854576609647	0.282866330454656	0.0304089426342010	0.165523562507879	-0.231765249785004	-0.167337405082007	-0.0828045808386507	-0.308036680581674	-0.0242558844848215	-0.0860752291560336	0.197566182358821	-0.0320054933226439	0.187620168035352	-0.170096465994543	0.0481564534301953	-0.0379775371710526	0.188887686400998	-0.206528681609248	0.231554969190025	-0.161910241069623	-0.0846096747857742	0.388601765994285	-0.104230834067398	0.0959302367444983	0.229237240257033	0.119973492694079	-0.0580603688117341	0.0758648723744657	-0.0231556516047424	-0.106736230091591	0.0289212789888873
0.0374670560496841	0.105676684836446	-0.358772573084144	-0.298963722717028	0.281397037072797	-0.0238550227929912	0.0167564391004528	-0.350274477120280	0.0513725890998005	-0.110339695990717	0.0174575773808271	0.0257319637261204	-0.171244630852173	0.318376736473062	-0.103718449179925	-0.0504199526265618	-0.0186686496201629	-0.316392772529687	-0.0396266895728801	-0.150573535733708	-0.0304859843587728	-0.398964236452027	-0.0290590505162803	0.0610931109880321	-0.183977273315156	0.0571128330478270	0.00387900530832795	-0.129441808062666	0.0630478449665894	0.0265211179527280	0.234694031160641	-0.0618267387203149
-0.0602663878234574	-0.0136156467797644	-0.0451670616624470	0.0205160078114281	-0.0326531937867430	0.0476846870973416	-0.166444401227476	0.211862642342084	0.124800904667543	-0.0248455129540743	-0.0930654015746565	0.0243352754673068	0.183568504324565	-0.109211651297109	-0.0446348360042704	0.0385010658059489	-0.0267171292422639	0.176581933456832	-0.329263333464587	-0.109097537307258	-0.0241878706188918	-0.576790135622254	-0.150520496617732	0.387621387178869	0.165267791706216	-0.0491398804349051	0.0312109473224995	-0.0249330226906448	0.0208382590108385	-0.289116276116132	-0.219070663948073	0.146691085356234
0.0289291786010886	0.0127732571210594	-0.314204100986480	-0.319896912262177	0.00233432440295889	0.0233901575284828	0.179317684260973	0.229094401321264	0.105277724872964	0.0105685348495779	-0.0622424239777208	0.283636889651438	-0.194305879538545	-0.368502806439455	0.000483124282794628	-0.0396394017610307	0.0107716311789719	0.0443026868299695	0.121599275801775	0.0649591384026175	-0.00798777624331919	0.0651321281050717	0.0814437826660894	-0.146317522533550	0.297054854557578	0.399311115642429	0.0223127121209476	-0.278614553856117	-0.0339782473342603	-0.238546825050904	0.0164263001105788	-0.0673336098866597
-0.0685042931780269	-0.138219473878650	0.162487063006783	0.294876451290185	0.169890583229590	0.165866065030518	-0.0491851888402270	-0.208123774198073	-0.0190532412364482	0.0516704451944593	-0.241644497842555	-0.0454666671487941	-0.414017498310621	-0.132365807272954	0.178804754017546	0.0596902374371401	-0.0226046159336030	0.160645269791416	0.0835640812813379	-0.0535026924062768	0.104171548771513	-0.0616137151769964	-0.0443313764196222	-0.0160383541497178	-0.458175074306079	0.201718714504162	-0.0502576559755509	-0.231933146753372	0.0605023190431630	-0.263004346582514	-0.199482972738868	-0.0137537102338349
-0.00509230793169958	0.0601130321146248	-0.331576102318116	0.440220095260319	0.105885443467115	0.124319900747877	-0.113837463081442	-0.294766080526649	0.340501577241191	-0.00970251527452473	0.130804995772591	0.312542835275782	0.199857681512054	-0.133322276692502	-0.00259399075991477	-0.119232635956267	-0.0201419354305906	0.310663937923673	0.0491615832723403	-0.0155037675214072	-0.159426290951432	-0.0458761223902120	0.129196968635653	-0.0474537523138083	0.0311121223694573	0.0225902628544538	-0.0400102404289452	0.0418231298099325	-0.0485350772620710	0.270731428239822	-0.0215973558234942	-0.190670917953846
-0.0974392613428758	-0.141336312015429	0.0507445036740848	0.0372670399782794	0.0320239421463882	-0.139587186286583	-0.0872648789359565	0.0363896398345174	0.133064264182085	-0.0123987107446214	-0.132151917470941	-0.0243894156749625	0.255672476603185	0.131132568727834	0.181190713184903	-0.338526794805428	0.0978634312197321	-0.338834831312861	-0.198821476705001	-0.224202025644358	-0.107453379197680	0.165317510834680	0.158222362848897	-0.137974073637265	0.0840379452444693	0.0456965680423387	-0.188763083250456	-0.268415938679923	0.354085203486219	-0.0538635038826537	-0.320142833749041	-0.162710127236006
0.124341197915083	0.318534672707217	-0.235742169004409	0.172695552529114	0.248768597674290	-0.0908924025162941	0.0610476325848678	0.231606908437036	-0.150021930203215	0.182395884588144	-0.0167416752895945	-0.223552726883719	0.0840602315702535	0.0739510513052853	-0.166809893539014	-0.189210897730160	-0.227702561581082	0.0324870966008295	-0.0281074495374046	-0.0583493488512483	0.131543278997862	0.137808359926487	-0.137414036673536	-0.0200328687011168	-0.0767323891609470	-0.171409283281906	-0.0319034273850130	-0.102577611540282	-0.330142606990587	-0.254013912773111	-0.112304398464090	-0.377297124292332
0.0823706346191029	-0.0382160383959076	0.0847083374031742	0.0200253989386645	0.282912607247737	0.0521395290772068	0.150364463592262	-0.0334449269310715	0.104928253071616	-0.258840637345503	0.0463241954982257	0.145191643933233	-0.274597784115511	0.0595258511780554	-0.206657275458455	-0.310149155416098	0.282544342269113	-0.113785326952235	0.0628642489074044	0.0410103707843178	0.0518033891132870	0.206477450185799	-0.0819721996578831	0.354309515700266	0.130716482763098	-0.0191936536971192	0.182453348093812	0.220349367413943	-0.118015130987842	0.0348525810037903	-0.400060052069873	0.0902112704699540
0.0720056496766486	-0.0511413792442550	-0.0452898277649916	0.337742890068979	0.235871016035640	-0.0639484231559829	0.122801649101404	0.153621265102207	-0.106577712914183	0.132356366315738	0.108312939464146	-0.113457742025908	-0.386008519973041	0.0712438341503936	0.248132485805850	0.0640536459338203	-0.263429624542254	-0.0564636676171606	0.118048878846962	-0.0925596071731611	-0.0848784696837504	-0.136528337269755	-0.0150302328497167	0.0371002948496741	0.490773682611999	-0.138036983909478	0.0161537822660667	-0.0498499174281087	0.282004341691824	0.169754055799791	0.0648129672432389	0.0818927044113142
-0.166541534692098	-0.0412111568887004	0.0685996596654723	-0.128798826387521	0.101120448813300	0.159579523065323	-0.250881694455275	0.179191234961626	-0.126544606504231	0.135275621130308	-0.170358027750968	0.388707353802398	-0.0139354444922450	0.228376226636168	0.0337061220085485	-0.0858790661341657	-0.0690368284371273	0.0597186588688393	0.216613803092709	-0.0343890818110650	-0.559673519721558	0.142938675836585	-0.301535616087087	0.0484334801881628	-0.0693485931437673	-0.169213399885044	-0.00201138843894480	-0.0855696884065836	-0.0765865656369713	-0.0433832221681162	0.0928544325668357	0.0522373365362348
-0.0732915821645619	-0.116488695492278	-0.216208682416973	0.364431119751260	-0.169733143697683	0.0605090954147256	-0.0543375496424778	-0.0333379989533973	-0.141980581356106	-0.161339497685844	0.0896670431461166	-0.00158872725282160	-0.165003260876969	-0.0564317546938986	-0.405129894449113	0.223014683624079	0.169214757316902	-0.232630027499956	-0.284463187136311	-0.168814588366543	-0.225362175408313	0.148314395683236	0.0281040448267187	-0.232456092988299	0.0546713178686110	-0.109325879953739	0.0873820659422486	-0.143345525343864	-0.116461284030068	-0.203217611027194	0.0645601128420697	0.211015426454161
0.0348293625388321	0.115880100941388	0.161907918981524	-0.171792341372432	-0.0971603872701547	-0.00904297790690977	-0.0741373935170046	-0.443094179420679	0.0647392748440194	0.258497187985495	-0.165888905060302	-0.347664654050454	-0.0911603736670864	-0.282745412351444	-0.138903578902735	-0.0212495942192348	0.0493292300827057	-0.0528340369578637	0.00584893107870448	0.0352131770337502	-0.293866127637753	-0.0797793110571989	-0.289259327695042	-0.116921361448278	0.295007081163036	-0.0215040008236490	0.0225012525932393	-0.0757036614163919	-0.134788397073254	0.157412481065316	-0.204034356718707	-0.126531862145451
0.133012929817754	-0.0742468131960862	-0.118765069470401	0.0302216104810471	-0.0433786798812002	0.180357411326955	0.201798708456532	-0.0773192431443620	-0.0312843313637846	0.129553100635086	-0.0119865956758273	0.0350809103829489	0.200285656697221	0.0641152934242822	0.173446232553589	0.229177463548289	-0.0134958164718140	-0.190586362690354	-0.0461184969966271	0.421944694791413	-0.0308549710769006	0.0655761323873346	0.113702294240359	0.294174361516400	-0.0677373222873079	-0.168605732667356	0.266163779535918	-0.504445422787909	-0.0967930266006286	0.131339049759120	-0.163873209858144	0.0388651452513425
0.439244699173819	0.251909534572188	-0.105457036536030	-0.110195897702089	-0.0815061726550362	-0.146516619900806	-0.0251302395579042	-0.0225705830264857	0.0318917555733494	-0.0381065248690911	0.0294766583596397	0.0765402587563445	0.0161729079549765	-0.106761329215208	0.0662519754792694	0.411180373738543	-0.0466058669807892	0.0244670822297808	0.0830910335946348	-0.462325876351273	-0.121615940805245	0.258003628094019	-0.0503771654420735	0.242831748815960	-0.143931380035186	0.0172143230891933	-0.165115128660758	0.00767132736296586	0.134865485201107	0.0679054481863749	-0.224295561745470	0.0951372307056956
-0.561218343779455	0.0688060902964115	-0.0382541548239932	-0.0462531140479783	-0.0994925075756249	0.0127108267342954	-0.124796766562890	-0.108681474543395	-0.231258095075663	-0.0894746025006706	0.0838026694964873	0.0292771912367667	0.0673427349041636	0.0621751612048497	-0.0646620174036169	0.145044734003892	-0.305954256544933	-0.108308631343632	0.311574923490654	-0.230736101514896	0.172453831872666	-0.0239612414261075	0.183945264437267	0.0957884069191014	0.131899726269495	0.148569917182669	0.0689513709945367	-0.0467777921360086	-0.201239775777706	0.113647513444996	-0.327713222781307	0.00774455114064009
0.100719181287330	-0.107320896234998	-0.165365387659956	-0.218701444119459	-0.0273188251688106	0.0721657731614242	-0.247976092028703	0.272941211343475	-0.0534721943043758	-0.0262869697421679	0.391660742742270	-0.0479278065866853	-0.219947404149754	0.0473151970987670	0.0989817982455722	-0.00549940973403041	0.0504063978808512	0.108411177120543	-0.113771936309719	0.0900226374977944	-0.0200912414265987	-0.174267953390611	-0.0590432112324481	-0.381578534575687	-0.208353949744452	-0.0894978158552206	0.0583820867905365	-0.0169026564357653	-0.0307731332391719	0.276057170239289	-0.439861137985663	-0.0240607031229352
-0.107183751664955	0.101155002000712	0.187088486085935	-0.108972291037950	0.101140060389337	-0.111404583878600	-0.192075228952153	0.188329228461382	0.485648649729896	0.111292261157956	-0.0245444503773494	-0.0527118482666857	-0.226818881586717	-0.227744955367353	-0.126269529493926	0.0240873820667132	-0.129219938434288	-0.147312448318036	0.0479878391828057	-0.0434193852431918	-0.0708688365880502	3.78411477084013e-05	0.477485688790560	0.0647795128148673	-0.153670163435740	-0.358720394565584	0.106396514864175	-0.0489697804242187	-0.0954685007874915	0.0105273714938548	0.0983756245146531	0.0150578726142584
-0.0329942816854692	0.170015230716036	0.176408017194570	0.0612040374219866	-0.121060622045829	0.0366010230785327	0.352276619717464	0.224725164023068	0.122383601937147	-0.253414026503149	-0.210593012567730	-0.0908675097088115	-0.0319220168627635	0.141833082891844	-0.111179941766853	-0.153281755603367	0.0265189541440172	0.226903613582064	-0.0439088642112039	-0.232860205558368	-0.0232984785630413	-0.107513049040975	-0.0546023966455969	-0.0785376429435420	-0.0595778506171057	0.0696963847904067	-0.0919124315443186	-0.389854494773007	-0.198653429932448	0.427145650048541	0.0703852829084451	0.174488582703989
0.0488466217615083	-0.320403238301357	-0.00450874798888705	-0.101576053288658	0.355289076424319	-0.146541395068540	0.0715270894627263	-0.0381382770684645	-0.158982062919840	-0.104413058378954	0.248388072686954	-0.325635356628886	0.308345964640715	-0.205939022635510	-0.218260394508558	-0.117578380472982	-0.0163111483610939	0.242811100845776	0.287035600613678	-0.0528809767792620	-0.235026682167653	-0.0140159671623393	0.108366688373907	0.0304452229887335	-0.104102639924504	0.0172450092608161	0.0620531473702626	-0.171789350585648	0.114938546418174	-0.0769311835823622	0.0299684798413013	0.224592802132173
0.0554032695247161	-0.0276469395698718	0.348578665101684	0.149252036915714	0.0569481726912637	-0.242087204222535	-0.127204890047281	0.0599165021014171	-0.0611005755411853	0.102930205607905	0.393075967009529	0.295686340773316	0.0630148577164239	-0.274127348228480	-0.0331469573825863	-0.0688021587900675	-0.00862702521362709	-0.286960270285417	-0.0722571519671415	-0.104147144012733	0.135902610638116	-0.0882153541457907	-0.309141554166526	0.0936785238548499	-0.0966851022096796	0.209589618538198	0.119485544819604	-0.227532391524643	-0.0999568850986516	0.152430075079725	0.182901032288123	-0.120248254722954
0.0933893061464776	0.165979854674900	-0.0331445446569366	0.157535688474275	-0.293470182885528	-0.113023316269115	-0.317371860712711	0.0808293459640610	0.0842921755519472	-0.511039358457308	0.0215074028630979	-0.162252927657370	-0.0736491871749136	0.0154654383209046	-0.0607444071308563	-0.0544587470158597	-0.0210955942210243	-0.0875250777544420	0.380365159910406	0.347017783836713	-0.0545137047327365	-0.0587982548594418	-0.138227332910529	0.117038823397076	0.0159624245191526	-0.00868739914261693	-0.108245733802855	-0.177224683689449	0.174808470031453	-0.0969777281847830	0.0403751339617696	-0.163690020726395
-0.0470211069030903	0.0999302591046641	0.0514897864051488	0.150545878459231	-0.107373157675191	-0.0289236017856930	0.170215443816443	0.134678503834725	0.312252140506095	0.200756766242419	0.278737487587783	-0.238513131779344	0.0244172147458210	0.305842222091093	0.122932964414124	0.0851967732583128	0.0852541276447829	-0.109327901444522	0.109092801283977	0.0152865542784891	-0.375766640868047	-0.0675383304914159	0.0349252779952505	0.0322474140099650	-0.0879143685964124	0.467497201236839	0.128439155018622	0.160523133464213	-0.163771696669914	-0.190785338664737	-0.0512171922535086	0.0186646046431885
0.000919729954494657	0.0510688544313548	-0.00855179445272976	0.000403298372012329	0.326430177042092	-0.204705304046515	-0.205584004770526	-0.0558140433946736	0.210064992400898	-0.317409804886787	-0.169540337605601	-0.0638104956764968	0.166940621845584	0.0367311187144366	0.398296639835237	0.201999302822315	0.0340513758083201	0.00211929276530693	-0.0113605782391579	-0.0393135558402495	0.112840943380788	0.102945611142524	-0.194463101559249	-0.288675690852859	0.140791558518902	-0.0147939995395704	0.340665771235088	-0.0193956099663107	-0.260562402858016	-0.0785676883198498	0.0457330728711899	0.192810708754360
-0.149604854679236	0.0412406995083908	0.149003183357952	-0.0515463368680181	0.340746622688673	0.177736076715781	0.0894529219486386	0.0598211709620682	-0.100444325217589	-0.282176405375262	0.141575008063142	-0.0550480511081627	0.0143004890096377	-0.160093016178897	0.174468928419174	0.277762197875420	0.123013213639618	-0.110007093981018	-0.168613324085487	0.132564043319771	-0.204280426916182	-0.0300289209346017	0.0860635777426894	0.0772310594303570	0.0673633510433804	-0.00517969338007019	-0.553692316768156	0.0389355185390859	-0.238137232377857	0.0231051934194787	0.0299258266192221	-0.213382564069783
0.207850620852627	-0.590557070681969	0.0193680960668282	0.0225450083023807	0.0347428362797310	-0.268557150895822	-0.0864235414981055	0.0697972552971337	0.161930342332969	0.0548462641160609	-0.239072565467603	0.0627901215789357	-0.0200289915087098	0.262697604816153	-0.284737573581570	0.282632504896233	-0.104423575867944	0.0267447823940516	0.0694734486661852	0.0520239683871790	0.0726966314854402	-0.0493022980344897	0.00829881529490453	0.00967959100981633	0.0992720086597890	0.126674696309665	-0.181393213317153	0.0134991456028124	-0.224038562619702	0.111726274009198	-0.0585355929862340	-0.220613760843139
0.311436070658167	0.0345341559984878	0.280119729313074	0.0216772718853756	0.0959427686130487	0.597253319571972	0.0374030129095838	0.0792384743540093	0.0563352376684210	-0.0753486700470958	-0.0212185725667174	0.0648041401594408	0.223410863221301	0.0284469276512346	-0.179489000123780	0.121093264786673	-0.0613513185331246	-0.199383039409288	0.257414403459670	-0.171445260128186	0.0878478065895149	-0.187108890077980	0.0465650468539727	-0.281135967817944	0.0958052166031945	-0.0262430169586140	0.142478462767324	0.0444341389053376	0.107381471734599	-0.100983895289771	-0.0482505847669927	-0.137393225749605
0.306352195082163	-0.00385437878864061	-0.0331695255985159	0.0804751879549843	-0.105332467793475	-0.00193633250972274	-0.163816422022981	-0.0946558169736072	-0.104439718974575	0.160299053156156	0.00905743438507338	0.0673446922455940	0.0244871576113040	0.00147133242245469	0.179269303127911	-0.291919963654566	0.0849120847188135	-0.179333340569035	0.223387623593528	-0.00345882297723177	0.0903391862625943	-0.172852132199912	0.190664049112251	-0.0545562782871022	0.0734486932994898	-0.0460585210676431	-0.370648742464842	-0.0289768167740872	-0.408344579643177	-0.102156802620544	-0.0213913650444566	0.449952908796009
0.0369565983447243	-0.0110834244428654	0.0355903186001084	-0.0322772644107749	0.0379565111782748	0.0903211229379131	0.0858873336805161	-0.0881601695405214	0.204774593115339	-0.116982010253729	0.0624517762825329	0.0398753764928169	0.0280632077375668	-0.0402785724147309	-0.117314392234132	-0.0999443252389540	-0.711607796961071	-0.135215561214162	-0.239682448907486	0.237639045922173	-0.0464076748986812	0.155622722090477	-0.178120556930541	-0.0955575727396077	-0.0775724656218277	0.126840381457187	-0.172005251259438	0.0925978567655824	0.0483451424814560	-0.0252746325467941	-0.0964477221234017	0.325304074696405
