-0.0174120953545774	-0.00326732559021336	-0.0488276693532313	-0.0462820326660612	-0.0749175911768191	-0.0340603151000150	-0.104853414766868	-0.126582945382023	0.107780965001342	0.119539182778833	-0.152956016159598	-0.235692370270635	0.0733642065928442	-0.00352035152661992	0.00448769407294142	-0.0443595215937778	-0.0843255936348635	0.234887307627303	-0.177506069468521	-0.367410085764720	-0.0599802423745801	-0.197409978827954	-0.250128645156683	0.154236398482734	-0.0527041450794478	0.301192188999785	0.225214797038907	0.435485478354366	-0.196594893277402	-0.167358565936655	0.301491004408139	-0.00128273432423855	0.00327176446115959
-0.0160657438625226	-0.00811212786075974	-0.0506984757770708	-0.0183428740375300	-0.0775359004370267	0.0134556673928627	-0.0469186077259623	-0.0713253506661322	0.0490651492372728	0.0906466986826901	0.0251299185523803	0.0479107345359665	0.0207003179992094	-0.0499702994145656	0.0180289281856999	-0.00683162780494887	-0.0258632741933392	0.198173024138511	-0.0769737233274302	0.0646937812942815	-0.0152462129545517	-0.0860346375636606	-0.0860864981816164	0.0938091819244742	-0.153324317718663	-0.110021939714220	-0.151391504534052	-0.0198552594067557	0.848555986022136	-0.150529340630360	0.301490807718929	-0.00128227837696511	0.00327226583919517
-0.0298343409145060	-0.0387634261529692	-0.163085102047408	0.0296808560961359	-0.213334607382652	0.184978716791107	-0.00120947379825467	-0.0596777012747071	0.118576130762099	0.125154728206368	0.0660401393952337	0.444362107045111	0.114563792346309	0.140787847785528	-0.0599133687131449	-0.0617301606185181	-0.269851017046413	0.142000092529364	0.475397304615898	-0.00654412078993006	-0.126031639304065	0.304161853390285	-0.0885197482692274	-0.0843082323058454	-0.205883259670770	-0.0379934777880159	0.00867120413068026	-0.0157707727370697	-0.193289148515856	0.0123467732928412	0.301490921589408	-0.00128241760448284	0.00327173700188780
-0.0802912053550967	-0.131984702938429	-0.243266553130178	0.172898488866620	-0.0844574566293303	0.210085382201203	0.263871237831240	0.297058949014636	-0.0981924728188593	-0.352430730752969	-0.0785021659332529	-0.261510249037200	0.0472336978567685	0.0533133596410188	0.255401095559656	-0.123933740659484	-0.239128474842627	-0.320855238417070	-0.200242027511495	-0.00884745444881105	0.0358960614129352	0.0254405099175030	0.0522738825491291	-0.122138633248687	-0.263568649331880	0.0157125356790533	-0.0201868752895095	-0.0522171987575036	-0.0144022698663442	0.000255890458748492	0.301490886180811	-0.00128240859487380	0.00327193673413483
-0.146859581116494	-0.425360329400300	0.128569333459078	0.325225549103369	0.332331822839217	-0.254650038147009	0.0480199341479165	0.0157692101450000	0.00233194053587665	0.163134410380311	0.000930585453848887	-0.0203943088268402	-0.173998779760357	-0.0455908808140597	-0.255934352531257	0.130659036586496	0.330748364706483	-0.138176770264342	0.0248829489851785	-0.164706073077302	0.0179420587392338	0.223705070648122	-0.0306209231752173	0.0303347473388521	-0.222100263471692	-0.0225792901217855	-0.0355550875528171	-0.0532280147918159	-0.0455158297859427	0.00391575231494370	0.301490850350358	-0.00128240552949443	0.00327187164305495
0.644735816745215	-0.0766776862034579	0.187333784171113	-0.0869269611965965	0.0485143666109503	0.175398721624111	-0.381747784857350	-0.158493585111008	-0.292816178351538	-0.277559448727089	0.0370637450800256	0.00227434101290430	0.00346468722962648	-0.0318261176298287	-0.171229505194417	0.0128342248644488	0.00388307440865920	-0.202789563795391	0.0516235803583629	-0.0221753746932954	0.00472616362363279	-0.0197108091849281	0.00231016514045899	-0.0228922049838450	0.0270343136150456	-0.000693747936101871	-0.00154762961221664	-0.0100803103388857	-0.0129291935738937	0.000403467414122907	0.301490897188188	-0.00128243624018177	0.00327190032206044
-0.184582245792595	0.476564958977814	0.308634127801843	0.137448865350545	0.124604519394270	0.258067085982791	0.152104159495330	0.109490741515224	0.0335759577199391	0.248476996515989	-0.0531277380848038	-0.0705883386776067	-0.0540072476360165	-0.143437300259869	-0.333204693339641	0.0834730571634747	-0.222576491166822	-0.254707661111413	0.0833712580045182	0.113618264725920	0.0398991979719366	-0.160675280223452	0.0492661109570524	-0.0185347162507669	0.193882275739709	0.00183381552124733	0.0378523151315804	0.0292663398343623	0.00376343233543688	0.000221505486783749	0.301490796489537	-0.00128245559235240	0.00327197548084798
-0.100429084445852	0.159711755959877	-0.00858311843898687	-0.298563222132058	0.0769915174383271	-0.324450691290149	0.156839438153411	0.161446598526982	-0.0421018337334523	-0.210748421384639	0.0961285644958669	0.266662904252384	-0.0859739024599368	0.191081119438995	0.164205110203838	-0.162445621707495	0.219642819822457	-0.138062682819451	0.233448691114794	-0.322598487709590	0.0802379757135558	-0.314354167767666	-0.0790104770529683	-0.0445897710559750	0.222052972791976	-0.0735876767404694	-0.0499993262110506	-0.0444254635538758	0.00630425453898476	-0.00594342668570901	0.301490776196570	-0.00128256249593648	0.00327191154795995
-0.0342080803850497	0.0413561029998782	-0.0383436916195937	-0.127301911623956	-0.0266683966736189	-0.157900574230568	0.000786672071001360	-0.0349977944169637	0.0513642980611111	-0.0334245626951276	0.0356650361906694	-0.0331800426974055	0.0429422442568004	0.0291608885022990	0.182097417076930	0.140603622779961	0.189080932317967	0.0214404498374123	-0.0138515749357799	0.319850951067656	0.0404666667832801	0.367037435221955	0.394862093836365	-0.218953737537229	0.248739683477025	0.248445114182435	0.234853891821973	0.340128221193896	0.109788317907601	0.120421870874966	0.301490816973164	-0.00128277074853060	0.00327225508327806
-0.0193347923862852	0.00692463088773711	-0.0364696759286811	-0.0523786954568743	-0.0514233828362581	-0.0495847443108873	-0.0406973629603527	-0.0647044842500340	0.0388657922794436	0.0575966464219900	0.0217562217774609	-0.0705514909957480	0.0136893642860168	-0.0620701313181959	0.112571387592142	0.0467845940817951	0.0730060838555699	0.219813147647247	-0.199507474229422	0.243902554362481	-0.00537578033606830	-0.00232614405446462	0.104763756862546	0.0344073402258761	0.179654124551907	-0.129118950674295	-0.120320899673524	-0.445511070728459	-0.330518975662201	-0.572877805767479	0.301491344136996	-0.00128227257251756	0.00327152824147392
-0.0157186926703599	-0.000391806038853792	-0.0352629438571892	-0.0354580155455646	-0.0541049885094509	-0.0213392739543183	-0.0461946409701942	-0.0679836194981582	0.0315501475481411	0.0696147181294028	0.00187149190432256	-0.0692930058130228	-0.00197862723885997	-0.0779280454696549	0.0834903110954152	-0.0150537024474538	0.0253837623445957	0.238277666209329	-0.200642807537623	0.150216124550276	-0.0125339629449338	-0.139834534519015	-0.0691095718322263	0.198629784953275	0.0262169588798292	-0.193189270527044	-0.127590242104531	-0.163791695174455	-0.175161139531692	0.759145991146169	0.301490397030908	-0.00128243737209398	0.00327189978073272
-0.0786644669665891	-0.0172760132818228	-0.166735339223049	-0.104851310121693	-0.195224128958138	0.00598409565385852	-0.225072123679055	-0.126771377083594	0.145827971365096	0.134931788677683	-0.444899186668839	-0.0902256975862161	-0.0978370864734801	0.0891265808990606	-0.181026377402604	-0.402203888847164	0.0810947039747508	-0.206829515201932	0.0838394390365320	-0.102023023740230	0.214870831327312	0.0430375032882804	0.338399150724575	0.141743745293715	0.0118864159655503	0.0761806907629847	0.00821724321323250	-0.201883817285422	0.0580326885539662	0.0421183015785496	-0.00340528030799714	-0.176000350304270	0.244788437328733
-0.0829818117587450	0.00442661086134633	-0.0716469965604693	-0.0612748995670613	-0.0239766853396266	-0.0174702541294370	-0.121863588637318	0.109806075149011	-0.0667328312895767	-0.0634971028768743	-0.236180577969450	0.0796617087052378	-0.269283716996418	-0.0623419211697930	-0.0313599838033568	-0.127198582244588	0.126298919499850	-0.0854635100385788	-0.0419788973579794	0.380220212570417	-0.127010912559106	0.0192457303846126	-0.308159640582678	-0.0679815811097386	-0.0233826411737239	-0.408848530372563	-0.107660740929576	0.458528824109473	-0.110567369866503	-0.117872912328301	-0.00340524321450891	-0.176000504902311	0.244788331270177
-0.0960491511644671	0.00194988258470518	0.0277488474651004	0.000382206111948083	0.0637619702241722	0.00351891930754647	-0.197907074055562	0.205194967553155	-0.120516264650718	-0.0578435179996545	-0.208959034225674	0.168028907278996	-0.279437760954046	-0.0826152594589267	0.100725720016465	0.175470301895425	-0.0781228014486757	0.120579648182645	-0.0265247291928513	0.0686097946761458	-0.127443523651525	-0.0164164756918285	-0.302180056364384	-0.225733742441919	0.0366066277891464	0.502212120047064	0.146760014342401	-0.353360789012879	0.0796570202747197	0.0836029493913720	-0.00340517949537650	-0.176000424450303	0.244788451194698
-0.0697070226927188	-0.0293247900658994	0.185812586027257	0.0736245963281590	0.0104019697665576	0.00760352677392138	-0.287363243568065	0.274851671332693	0.0494061677084539	-0.0604318271048660	-0.0768431225942035	0.168454128843808	0.0313189314235428	-0.00836871016339197	0.247501042487575	0.435540727121130	-0.220935258866952	0.0829349813264607	-0.0171215357842870	-0.275739219005041	0.109619100469402	-0.0199350162865287	0.369673852294429	0.214282318212996	-0.0308365094909662	-0.242384808249724	-0.0743722887196728	0.137331182468204	-0.0319308995880959	-0.0253500044728518	-0.00340528400579276	-0.176000517621855	0.244788315398920
0.133718911746840	-0.0153668418765201	0.160738623150157	0.107464595032586	-0.111280304184590	-0.104788182882457	-0.131320463605100	0.466056287342597	0.353947652926646	-0.0255666884139060	0.257646080689751	-0.0797764282994272	0.497486141559008	-0.0835193171546799	-0.149963704703173	-0.230546280204900	0.182859039814726	0.00294296835625002	-0.00418802911481933	0.0839954937386981	-0.0425499474895230	-0.0108642372034122	-0.121815122728176	-0.0514108128461710	0.00905538135234599	0.0713337518593230	0.0166390866819511	-0.0381167671272579	0.00562248537715276	0.0110806784160611	-0.00340512639093518	-0.176000437867711	0.244788409007275
0.392820444380793	0.0812278604817047	-0.265422073464147	-0.0198264368895772	0.490823067479800	0.159210732992798	0.275879240921256	-0.0872508620248909	0.504034917169296	-0.0503312364033477	0.0352046764298670	0.0121014762474982	-0.201758419786579	0.0882838894900999	0.0147505862552833	0.0564125596885022	-0.0431027445214478	0.101044364990122	-0.0399790401130083	-0.0173705601772637	0.0520625694419874	-0.00671209238648563	0.0197703287074719	-0.00834811902813809	0.00444182857997602	-0.0146250748414768	0.00664133379284031	0.00453057943481158	0.00332929591977590	0.00126024831727423	-0.00340520749688633	-0.176000487892264	0.244788408098452
0.137340548200912	-0.00462550925296025	0.155402619181040	0.0999164707835732	-0.117999664360642	-0.144851921584823	0.484762232600308	-0.294429911373150	-0.139422107293839	-0.0934423273910787	-0.308715979799334	0.209544776528639	0.287943190404447	-0.445724263969374	0.0790475990164867	-0.00434662977949607	0.0424925132262378	-0.00400251015073458	0.00631412775380004	-0.0809666553096040	-0.167653963595175	-0.00615325565567647	0.0637414630994342	0.00925215298223225	0.0137024398381201	0.0287503419384727	-0.0499957759743776	0.00326526904849707	-0.00371604553147329	0.00113692632644596	-0.00340522102890236	-0.176000455521856	0.244788279968336
-0.0715195657253711	-0.0269496271776148	0.183172466471633	0.0729920505005073	0.0118387397291432	0.00298187992110027	0.146885802337303	-0.210493204040704	-0.222373922609453	-0.0136461343268039	-0.0139389709994067	0.00631108195462462	0.248310179779761	0.500910980836408	-0.0513035304341261	0.0917951621148899	-0.0254857921367365	0.0978680422173068	-0.0900949525633070	0.144161247316800	0.515180662488367	-0.00768123388547036	-0.227091074669991	-0.0422176521472047	-0.0301358132073717	-0.0996448396260406	0.232764865376991	-0.0416861174747756	0.0107348382872813	-0.00438224913435034	-0.00340532396046297	-0.176000477051261	0.244788500487164
-0.0976265748814037	0.00692748988983379	0.0235911052524697	-0.00143174283654553	0.0661572674112207	0.0284167058758989	0.0648269835401393	-0.0623838533017579	-0.262776969774760	0.0147829654136735	0.181376369837455	-0.155913312664558	0.0130057969177078	0.362528957772744	-0.158581693080185	-0.0541270571099093	-0.0396848052026517	0.147833811291908	-0.00526322489941930	-0.0169977077437445	-0.330394682076613	-0.0380424888715118	0.201665356467572	-0.0418764920020413	0.0344433620906063	0.260888437856344	-0.580360141875031	0.124151085186324	-0.0335654664306847	0.0118390103543480	-0.00340501774067691	-0.176000332474865	0.244788047846942
-0.0857419380008038	0.0119201231224811	-0.0734038090453456	-0.0696946388224072	-0.0209780265288808	0.00658756007272396	0.0443268684314596	-0.0641276822337821	-0.191773328411276	0.0238285638430981	0.318008976854183	-0.190659362221787	-0.101027206922722	0.0285618117073163	-0.0401766077731451	-0.0303537441313980	-0.00913259729464332	-0.0302448454746109	0.0518600936809167	-0.0808360624404481	-0.464236443957084	-0.000449213495230982	0.118342739415197	0.157755567289072	-0.0172112719180115	-0.261993025665923	0.581512695529661	-0.140926908227340	0.0694547385419723	-0.000179650397521658	-0.00340534146928048	-0.176000716773531	0.244788382018421
-0.0815893617129836	-0.0129091294991745	-0.159258029593409	-0.0973009426558385	-0.173524226711943	0.0528070015110520	-0.0531546602493754	-0.210452312356774	-0.0496216459790025	0.191215807663439	0.497301077280576	-0.127527164411462	-0.128720021336888	-0.386842948940404	0.170386810007656	0.0895571834251729	-0.0162814868207633	-0.226663361599212	0.0831366968787157	-0.103053630113667	0.367556065630750	0.0439708190029062	-0.152347196031557	-0.0854648291438798	-0.00857051203081743	0.0881309950164104	-0.180147990418721	0.0481665299563541	-0.0470527279425562	-0.00325416619229106	-0.00340515814123662	-0.176000209441252	0.244788329058798
-0.0505609958961374	0.0437039993786780	-0.0745279978527567	-0.188673498366686	-0.0147462028467516	-0.221403915120494	-0.0988532668952653	-0.150886228168276	0.194754789260382	-0.0515684648476944	-0.218106804671713	-0.380787254309843	0.218654126782461	0.0736826150911897	-0.0720651649983999	0.361721181845193	-0.137262603162331	-0.148553148261736	0.150945146415740	-0.131135048562798	-0.169828888560593	0.102898898514817	-0.186556364038230	-0.339017162600137	0.0711553682037024	-0.220236230050437	-0.119095430128074	-0.125090160555785	0.0509210103923031	0.0567168219956009	-0.000868673681984655	0.244808683363152	0.176003049085715
-0.0929284835068868	0.101686754689586	-0.0410912014318673	-0.281821124872665	0.0970507238014150	-0.255258130715338	0.0144188250964012	-0.0261268892092489	0.0358574759114493	-0.230339146220468	0.0710057563440163	0.0573559799453414	0.0554274303609403	-0.0668232811150422	-0.164445424598705	0.144737344987693	-0.104334377106231	-0.128574337106072	0.0851699576903229	0.344567231273198	0.0502603524211056	-0.100173123104889	0.0482310154151221	0.435260159157158	-0.435890984351400	0.242515381855355	0.00851964198267859	0.00210970001066301	-0.0797670662798317	-0.0484223013299975	-0.000868696340873998	0.244808830715576	0.176002858920237
-0.143794292122622	0.158055088499917	0.0960520288016313	-0.251179238933913	0.204433678270009	0.0106241482981715	-0.0300940795274490	0.0449858555381632	-0.110610786367601	-0.133244298117151	0.0878464083046466	0.141615819727301	-0.00236862931834756	-0.189215885212743	-0.213523806852452	-0.306619164828225	-0.158719708562269	0.213519278341377	-0.388765828418561	-0.261882441254357	0.116384098191019	0.405176359468310	0.0325305152051817	-0.170753309309058	-0.0494478092825207	-0.108373779872036	0.00459890335750349	-0.0119596064301840	-0.00324957577453519	0.0175214493215005	-0.000868592772363163	0.244808744425506	0.176002943922309
-0.119911989411957	0.235067605957998	0.347817231383018	0.0484125879871842	0.0674774065333944	0.391770560028415	-0.0788274924343529	-0.162215772820192	0.113738922631619	-0.0644391595183669	-0.0359383135353023	-0.104411424831569	-0.00536070584700660	0.0755919452478955	0.427145054212878	-0.0938956785598746	0.432545233687102	-0.00281753549750588	0.137456709592324	-0.0484465979782633	-0.100738638225743	0.113151840521507	-0.0633191656517547	0.0654099591914211	-0.234981910536879	0.0333698953634543	-0.0382323633443148	-0.0393029429316995	-0.0158750988900631	-0.0101222754924104	-0.000868675045410870	0.244808727517179	0.176002947155847
0.267288099351070	0.389320761368535	-0.0378834515079393	0.519936034189012	-0.337915468686020	-0.381313165648578	0.00590914106229518	0.00352405078577958	-0.00836606831121134	-0.0526343146352290	0.0803979320917745	-0.0322686683557012	-0.325554794468455	0.115783821139395	-0.00528549090885262	-0.0324105413360654	-0.0380182672448589	0.0800970706281251	-0.0344625918105368	-0.0507328382144065	0.0495823926371029	0.0849492774163896	0.00993306740101657	0.00243992456763096	-0.0483735898127563	-0.00685594296347226	-0.00561429116488260	0.000207354438554221	-0.00605247097183367	-0.00143638525341516	-0.000868725439516740	0.244808691562466	0.176002972300287
0.260908298154423	0.0974199890726356	-0.279955857466883	-0.0411859368873220	0.262741614773064	-0.0413873852420564	-0.00161893999205309	0.276877446373479	-0.387150534703067	0.564443981657338	-0.128064844386616	0.00817752489185406	0.233910461353921	0.0109857449592638	0.219250053260370	-0.0394220224036056	0.0466216692347809	-0.0605411156405248	0.0455266531298668	0.0166527665626875	0.0185170993393260	0.0255009890389921	-0.00628255249289068	0.0608031932954858	-0.0391560576774082	-0.00516458462522706	0.00581334953431445	0.00689197912659018	-0.00256485957202479	-0.00836845166195020	-0.000868743146670674	0.244808706389678	0.176002911369646
0.213872884113684	-0.364628807359869	0.366840119723850	-0.344631648768528	-0.324487360983969	0.0854114342383428	0.349043507895977	0.245343002327105	0.0714029582295676	0.196451502595315	-0.0210852598664676	-0.118692932101389	-0.311048793660329	0.0600282900698975	-0.0282000535781761	0.0232627966868232	-0.0645973412898696	0.100716704209019	0.0548472766750986	0.0215716651794654	0.0512587431352997	-0.0186854547068019	0.0321949251930851	-0.0129033022363505	0.0108659560403622	0.00567285752523014	0.00898402053382714	0.0172736772478293	0.00370790344860153	-0.00353460756109002	-0.000868747314785350	0.244808675293704	0.176003010771696
-0.0756058700222599	-0.306263996108917	0.191892656265876	0.182119521868831	0.180403712902485	-0.144180698868750	-0.144750838114514	-0.238944755031636	0.167479595572175	0.0919859755502584	0.108172217603218	0.174093856531549	0.0162451764837203	0.0777862564752363	0.272182792294472	-0.295420787312081	-0.389910356584183	-0.268519009944294	-0.108239229282299	0.140133038966939	-0.127889901739483	-0.116536384140598	-0.0230296729997596	0.0296026897081649	0.265788254675047	0.0409524111726491	0.0205780986283793	0.0366290205400252	0.0326875106699819	-0.00553260413985871	-0.000868676608144602	0.244808628143063	0.176002978038768
-0.119744824105891	-0.183141218555233	-0.122471070127972	0.208689355666533	0.157127632308778	0.0811673223078618	-0.0620573725769409	0.00606254374458341	-0.115704011904579	-0.198477270213739	-0.0121982162479671	-0.168660351932607	0.00449010876233913	-0.241367458536589	-0.0839108687314672	-0.128453511341199	0.00332853942470823	0.405617753438461	0.411294429058929	0.0842010349132542	0.187865875454749	-0.348950080427128	0.193298158585250	-0.226574850169456	0.0477851113549213	-0.0542182171832091	0.0892014859941247	0.0671515490203296	-0.00546238881535564	-0.00561099379837158	-0.000868759864055324	0.244808505309676	0.176003010085011
-0.0890513201600725	-0.118692608983740	-0.249218531569485	0.121360598962984	-0.0928157613642523	0.264165446135981	0.0807462200691301	0.0842188503922116	-0.0426153267378359	-0.214292158030723	-0.00743223405672470	0.0576296430278349	0.0565129446096794	0.00595617818421890	-0.156424272513098	0.149705923402760	0.133958751965147	-0.0322416255030860	0.0135015977707363	-0.0714707288335955	0.0144638892454955	0.220086712477492	-0.205623612780878	0.456609190711719	0.529942783373622	0.0667391335441649	-0.0466366632145145	0.0167685337517730	0.0739329320811525	-0.00945501045274433	-0.000868615012767798	0.244808796781353	0.176003138607403
-0.0504715123615748	-0.0525276210910585	-0.197453921614737	0.0269733528584839	-0.199269855018429	0.210404194956164	-0.0339157033594955	-0.0828382141179246	0.0812128721486537	0.0921134215385951	0.0754033789129779	0.365947945457782	0.0590927625687513	0.0775920492314210	-0.194722730980349	0.216794460822595	0.276388524947657	-0.158703626799464	-0.367274215129799	-0.0434584827343182	-0.0898758897201658	-0.367419734093266	0.168624178130324	-0.300876880394801	-0.117687145906723	0.00559900663042641	0.0718839905446320	0.0293216083035557	-0.0482792679730773	0.0182441645535578	-0.000868844552927406	0.244808470646049	0.176002908897864